5,11
2,49
1,47
2,45
94,1
94,0
93,3
93,2
93,1
93,0
92,4
92,3
92,2
92,1
92,0
90,6
90,5
90,4
90,3
90,2
90,1
90,0
89,5
89,4
89,3
89,2
89,1
89,0
86,3
86,2
86,1
86,0
85,7
85,6
85,5
85,4
85,3
85,2
85,1
85,0
84,4
84,3
84,2
84,1
84,0
82,5
82,4
82,3
82,2
82,1
82,0
74,4
74,3
74,2
74,1
74,0
72,3
72,2
72,1
72,0
71,4
71,3
71,2
71,1
71,0
70,4
70,3
70,2
70,1
70,0
69,4
69,3
69,2
69,1
69,0
68,4
68,3
68,2
68,1
68,0
67,4
67,3
67,2
67,1
67,0
65,10
65,4
65,3
65,2
65,1
65,0
61,6
61,5
61,4
61,3
61,2
61,1
61,0
57,6
57,5
57,4
57,3
57,2
57,1
57,0
55,4
55,3
55,2
55,1
55,0
54,5
54,4
54,3
54,2
54,1
54,0
48,5
48,4
48,3
48,2
48,1
48,0
35,4
35,3
35,2
35,1
35,0
33,5
33,3
33,2
33,1
33,0
32,4
32,3
32,2
32,1
32,0
31,5
31,4
31,3
31,2
31,1
31,0
28,5
28,4
28,3
28,2
28,1
28,0
26,4
26,3
26,2
26,1
26,0
25,3
25,2
25,1
25,0
24,4
24,3
24,2
24,1
24,0
22,4
22,3
22,2
22,1
22,0
20,5
20,4
20,3
20,2
20,1
20,0
18,3
18,2
18,1
18,0
17,5
17,4
17,3
17,2
17,1
17,0
15,5
15,4
15,3
15,2
15,1
15,0
14,3
14,2
14,1
14,0
13,5
13,4
13,3
13,2
13,1
13,0
12,4
12,3
12,2
12,1
12,0
11,4
11,3
11,2
11,1
11,0
10,3
10,2
10,1
10,0
9,4
9,3
9,2
9,1
9,0
8,3
8,2
8,1
8,0
7,3
5,10
5,9
5,8
5,5
5,3
5,2
5,0
4,3
3,2
2,2
1,2
0,57
0,52
0,9
0,2
94,2
94,3
94,5
94,6
95,1
95,2
95,4
95,7
96,0
96,2
96,3
96,5
97,1
97,2
98,0
98,1
98,3
98,4
100,0
100,2
100,3
101,0
101,1
101,3
104,0
104,1
104,3
104,4
104,6
108,0
108,2
108,4
108,5
111,0
111,1
111,3
111,5
111,6
112,0
112,1
112,3
112,4
112,6
112,8
112,9
115,1
115,2
115,4
117,0
117,1
117,3
117,4
119,0
119,2
119,3
121,0
121,1
121,3
121,5
121,2
119,4
119,1
117,5
117,2
115,5
115,3
115,0
112,7
112,5
112,2
111,7
111,4
111,2
108,6
108,3
108,1
104,5
104,2
101,4
101,2
100,4
100,1
98,5
98,2
97,3
97,0
96,4
96,1
95,5
95,3
95,0
94,4
1,45
3,44
2,44
1,44
3,43
2,43
1,43
3,42
2,42
1,42
3,41
2,41
1,41
3,40
2,40
1,40
3,39
2,39
1,39
3,38
2,38
1,38
3,37
2,37
1,37
3,36
2,36
1,36
3,35
2,35
1,35
3,34
2,34
1,34
3,33
2,33
1,33
3,32
2,32
1,32
3,31
2,31
1,31
3,30
2,30
1,30
3,29
2,29
1,29
3,28
2,28
1,28
3,27
2,27
1,27
3,26
2,26
1,26
3,25
2,25
1,25
3,24
2,24
1,24
3,23
2,23
1,23
3,22
2,22
1,22
3,21
2,21
1,21
3,20
2,20
1,20
3,19
2,19
1,19
3,18
2,18
1,18
3,17
2,17
1,17
3,16
2,16
1,16
3,15
2,15
1,15
3,14
2,14
1,14
3,13
2,13
1,13
3,12
2,12
1,12
3,11
2,11
1,11
3,10
2,10
1,10
3,9
2,9
1,9
3,8
2,8
1,8
3,7
2,7
1,7
3,6
2,6
1,6
3,5
2,5
1,5
3,4
2,4
1,4
3,3
3,0
2,3
2,0
1,3
1,0
0,6
0,0
0,47
0,46
0,49
0,48
0,45
0,12
0,50
0,10
0,8
0,11
0,5
0,7
0,4
0,3
